1 1 1 1 1 1 1 1 1 1 1 1 1 1 1 1 1 1 1 1 1 1 1
1 0 1 0 0 0 1 0 0 0 0 0 0 0 0 0 0 0 1 0 1 0 1
1 0 1 0 1 0 1 0 1 1 1 1 1 1 1 0 1 0 1 0 1 0 1
1 0 1 0 1 0 1 0 0 0 0 0 0 0 1 0 1 0 1 0 1 0 1
1 0 1 0 1 0 1 1 1 1 1 1 1 1 1 0 1 0 1 0 1 0 1
1 0 1 0 1 0 1 X X X X X X X 1 0 1 0 0 0 1 0 1
1 0 1 0 1 0 1 X 1 1 1 1 1 X 1 0 1 1 1 1 1 0 1
1 0 1 0 1 0 1 X X X X X 1 X 1 0 1 0 0 0 1 0 1
1 0 1 1 1 0 1 1 1 0 1 X 1 X 1 0 1 0 1 0 1 0 1
1 0 X X 0 0 1 0 0 0 1 X 1 X 1 0 1 0 1 0 1 0 1
1 1 1 X 1 1 1 1 1 1 1 X 1 X 1 0 1 1 1 0 1 0 1
1 0 0 X X X 1 X X X X X 1 X 1 0 0 0 1 0 1 0 1
1 1 1 1 1 X 1 X 1 1 1 1 1 X 1 1 1 0 1 X X X 1
1 0 0 0 1 X 0 X 0 0 1 0 0 X X X 1 0 1 X 1 X 1
1 0 1 0 1 1 1 1 1 0 1 1 1 0 1 X 1 0 1 X 1 X 1
1 0 1 0 0 0 0 0 1 0 1 0 0 0 1 X 0 0 1 X 1 X 1
1 0 1 1 1 1 1 0 1 0 1 0 1 1 1 X 1 1 1 X 1 X 1
1 0 1 0 0 0 1 0 1 0 1 0 0 0 1 X 1 X X X 1 X 1
1 0 1 0 1 0 1 0 1 1 1 1 1 0 1 X 1 X 1 0 1 X 1
1 0 0 0 1 0 1 0 0 0 0 0 0 0 1 X X X 1 0 1 X 1
1 1 1 1 1 1 1 1 1 1 1 1 1 1 1 1 1 1 1 1 1 1 1
1 2 3 4 5 6 7 8 9 1011121314151617181920212223
23 21
1 1
21 19